1 "Totten_Inlet" 0 2 47.1192 -123.03663 47.11337 -123.04115
2 "Totten_Inlet" 1 3 47.11883 -123.0285 47.10984 -123.02548
3 "Totten_Inlet" 2 4 47.12295 -123.0232 47.11826 -123.01299
4 "Totten_Inlet" 3 5 47.13015 -123.02042 47.12675 -123.00483
5 "Totten_Inlet" 4 6 47.1382 -123.01719 47.13634 -123.00435
6 "Totten_Inlet" 5 7 47.14654 -123.01571 47.14473 -123.00009
7 "Totten_Inlet" 6 8 47.15752 -123.00483 47.14738 -122.99088
8 "Totten_Inlet" 7 9 47.16641 -122.99159 47.14877 -122.98309
9 "Totten_Inlet" 8 10 47.16844 -122.97304 47.14506 -122.97276
10 "Totten_Inlet" 9 11 47.16728 -122.96714 47.15862 -122.9574
11 "Totten_Inlet" 10 12 47.17139 -122.95726 47.16526 -122.94839
12 "Totten_Inlet" 11 13 47.17803 -122.95317 47.17366 -122.94117
13 "Totten_Inlet" 12 10002 47.19 -122.94535 47.18484 -122.93673
14 "Eld_Inlet" 0 15 47.07375 -123.01641 47.07029 -123.00918
15 "Eld_Inlet" 14 16 47.08201 -123.00491 47.07525 -122.99805
16 "Eld_Inlet" 15 17 47.08332 -122.98992 47.0802 -122.98572
17 "Eld_Inlet" 16 18 47.09186 -122.98517 47.08504 -122.97666
18 "Eld_Inlet" 17 19 47.09961 -122.9772 47.09 -122.96634
19 "Eld_Inlet" 18 20 47.10281 -122.96207 47.09615 -122.95394
20 "Eld_Inlet" 19 21 47.10727 -122.95683 47.10339 -122.94328
21 "Eld_Inlet" 20 22 47.11661 -122.96134 47.11588 -122.94105
22 "Eld_Inlet" 21 23 47.12691 -122.95911 47.12455 -122.94276
23 "Eld_Inlet" 22 24 47.13682 -122.95029 47.13101 -122.93674
24 "Eld_Inlet" 23 25 47.14484 -122.94019 47.13909 -122.92976
25 "Eld_Inlet" 24 10001 47.1491 -122.9324 47.14462 -122.92619
26 "Oakland_Bay" 0 27 47.24589 -123.02905 47.24846 -123.03216
27 "Oakland_Bay" 26 28 47.24013 -123.03961 47.24107 -123.0407
28 "Oakland_Bay" 27 29 47.23211 -123.04719 47.23513 -123.05321
29 "Oakland_Bay" 28 30 47.21997 -123.05294 47.2277 -123.0621
30 "Oakland_Bay" 29 32 47.21453 -123.06511 47.22184 -123.07286
31 "Oakland_Bay" 32 33 47.21 -123.06924 47.20601 -123.07381
32 "Oakland_Bay" 30 31 47.21143 -123.06954 47.21544 -123.08131
33 "Oakland_Bay" 31 34 47.20438 -123.05907 47.20138 -123.06123
34 "Oakland_Bay" 33 35 47.20616 -123.04687 47.20356 -123.04613
35 "Oakland_Bay" 34 36 47.20683 -123.03246 47.20409 -123.03244
36 "Oakland_Bay" 35 37 47.20659 -123.0186 47.20335 -123.01856
37 "Oakland_Bay" 36 38 47.20665 -123.00252 47.20408 -123.00483
38 "Oakland_Bay" 37 39 47.19928 -122.99322 47.19748 -122.99426
39 "Oakland_Bay" 38 40 47.20224 -122.98241 47.19893 -122.97993
40 "Oakland_Bay" 39 41 47.20392 -122.96851 47.20106 -122.96724
41 "Oakland_Bay" 40 43 47.20438 -122.95359 47.20061 -122.95354
42 "Oakland_Bay" 43 10005 47.20396 -122.93403 47.19913 -122.93659
43 "Oakland_Bay" 41 42 47.20517 -122.94463 47.20221 -122.9446
44 "Budd_Inlet" 0 45 47.05518 -122.91026 47.05746 -122.89511
45 "Budd_Inlet" 44 46 47.06312 -122.91631 47.06532 -122.89802
46 "Budd_Inlet" 45 47 47.0724 -122.92155 47.07497 -122.90408
47 "Budd_Inlet" 46 48 47.08415 -122.933 47.08339 -122.90064
48 "Budd_Inlet" 47 49 47.09422 -122.92856 47.09284 -122.89667
49 "Budd_Inlet" 48 50 47.10448 -122.92464 47.10244 -122.89328
50 "Budd_Inlet" 49 51 47.11261 -122.92213 47.11437 -122.89392
51 "Budd_Inlet" 50 52 47.12191 -122.92316 47.12423 -122.9024
52 "Budd_Inlet" 51 53 47.13145 -122.92522 47.13322 -122.90656
53 "Budd_Inlet" 52 10001 47.14027 -122.92468 47.1399 -122.90215
54 "Henderson_Inlet" 0 55 47.12263 -122.83748 47.12511 -122.82838
55 "Henderson_Inlet" 54 56 47.13253 -122.84126 47.1326 -122.82774
56 "Henderson_Inlet" 55 57 47.14185 -122.84163 47.14146 -122.82761
57 "Henderson_Inlet" 56 58 47.15209 -122.83736 47.15213 -122.82706
58 "Henderson_Inlet" 57 10010 47.15765 -122.83826 47.15797 -122.82686
59 "Cooper_Point" 10001 60 47.15587 -122.92327 47.14348 -122.89597
60 "Cooper_Point" 59 10004 47.16734 -122.91825 47.15161 -122.87939
61 "Nohope_Island_e" 62 10003 47.18393 -122.92445 47.18396 -122.9152
62 "Nohope_Island_e" 10002 61 47.18882 -122.92723 47.19158 -122.91889
63 "Peale_Passage" 82 64 47.2164 -122.9155 47.21878 -122.91206
64 "Peale_Passage" 63 65 47.20714 -122.90857 47.20915 -122.9005
65 "Peale_Passage" 64 66 47.19669 -122.90414 47.20065 -122.89085
66 "Peale_Passage" 65 67 47.18478 -122.89855 47.18975 -122.88521
67 "Peale_Passage" 66 68 47.17448 -122.89023 47.1782 -122.8807
68 "Peale_Passage" 67 10004 47.16862 -122.8895 47.16255 -122.87852
69 "Dana_Passage" 10004 70 47.15497 -122.87387 47.16142 -122.87728
70 "Dana_Passage" 69 71 47.15964 -122.86008 47.16821 -122.86575
71 "Dana_Passage" 70 10010 47.16403 -122.84694 47.17593 -122.85418
72 "Nohope_Island_s" 10002 73 47.18217 -122.93484 47.18397 -122.93265
73 "Nohope_Island_s" 72 10003 47.17862 -122.93251 47.18165 -122.93047
74 "Nohope_Island_n" 10005 75 47.19859 -122.93719 47.19866 -122.92293
75 "Nohope_Island_n" 74 10002 47.19306 -122.93941 47.19363 -122.92351
76 "Squaxin_Island_w" 77 10004 47.17158 -122.91667 47.17817 -122.90611
77 "Squaxin_Island_w" 10003 76 47.17504 -122.92757 47.1824 -122.91378
78 "Squaxin_Island_n" 79 10005 47.20589 -122.93372 47.20635 -122.92166
79 "Squaxin_Island_n" 80 78 47.21173 -122.93279 47.21378 -122.92834
80 "Squaxin_Island_n" 81 79 47.21954 -122.93999 47.21859 -122.93094
81 "Squaxin_Island_n" 10006 80 47.22729 -122.93452 47.22385 -122.92821
82 "Peale_Passage" 83 63 47.22208 -122.92082 47.2233 -122.9194
83 "Peale_Passage" 10006 82 47.22569 -122.92373 47.22694 -122.92276
84 "Pickering_Passage" 93 10006 47.23061 -122.93279 47.23167 -122.92617
85 "Pickering_Passage" 86 93 47.24611 -122.92962 47.24402 -122.92448
86 "Pickering_Passage" 87 85 47.25524 -122.92781 47.25409 -122.91911
87 "Pickering_Passage" 88 86 47.2639 -122.92672 47.26393 -122.91963
88 "Pickering_Passage" 89 87 47.27351 -122.92659 47.27309 -122.9192
89 "Pickering_Passage" 90 88 47.28368 -122.91914 47.28081 -122.91485
90 "Pickering_Passage" 91 89 47.28921 -122.90652 47.28375 -122.90336
91 "Pickering_Passage" 94 90 47.29198 -122.89301 47.28323 -122.88889
92 "Pickering_Passage" 95 94 47.30092 -122.87017 47.29536 -122.86534
93 "Pickering_Passage" 85 84 47.23643 -122.93535 47.23647 -122.92626
94 "Pickering_Passage" 92 91 47.29614 -122.88231 47.2901 -122.87711
95 "Pickering_Passage" 10007 92 47.30771 -122.85646 47.30063 -122.85217
96 "Rocky_Bay" 0 97 47.38338 -122.81654 47.38586 -122.82273
97 "Rocky_Bay" 96 98 47.37492 -122.8187 47.37489 -122.82465
98 "Rocky_Bay" 97 99 47.36554 -122.81441 47.36403 -122.82293
99 "Rocky_Bay" 98 100 47.35769 -122.8085 47.3525 -122.82694
100 "Rocky_Bay" 99 101 47.3508 -122.79861 47.34361 -122.8272
101 "Rocky_Bay" 100 102 47.34152 -122.78275 47.33287 -122.83052
102 "Rocky_Bay" 101 103 47.32375 -122.79321 47.32737 -122.81799
103 "Rocky_Bay" 102 10007 47.30697 -122.79301 47.31709 -122.82401
104 "Case_Inlet_n" 10007 105 47.28261 -122.80394 47.29846 -122.84831
105 "Case_Inlet_n" 104 10008 47.2743 -122.81463 47.2895 -122.85504
106 "Herron_Island_e" 10008 107 47.26647 -122.8192 47.26823 -122.82566
107 "Herron_Island_e" 106 10009 47.25469 -122.82524 47.25737 -122.8332
108 "Herron_Island_w" 10008 109 47.27565 -122.86961 47.26942 -122.83672
109 "Herron_Island_w" 108 110 47.26256 -122.86439 47.26118 -122.84044
110 "Herron_Island_w" 109 10009 47.24632 -122.86829 47.25714 -122.83873
111 "Case_Inlet_s" 10009 112 47.24012 -122.83007 47.23245 -122.85542
112 "Case_Inlet_s" 111 113 47.23202 -122.82482 47.22244 -122.85104
113 "Case_Inlet_s" 112 114 47.22571 -122.81644 47.21362 -122.84344
114 "Case_Inlet_s" 113 115 47.21137 -122.80625 47.20823 -122.83932
115 "Case_Inlet_s" 114 116 47.20019 -122.79875 47.20001 -122.84068
116 "Case_Inlet_s" 115 10010 47.19059 -122.79172 47.19106 -122.84594
117 "Devils_Head" 10010 118 47.18482 -122.78568 47.17393 -122.81162
118 "Devils_Head" 117 119 47.17658 -122.77451 47.16426 -122.80619
119 "Devils_Head" 118 10011 47.16602 -122.76864 47.15504 -122.79539
121 "Drayton_Passage" 10011 122 47.16638 -122.75999 47.15265 -122.74248
122 "Drayton_Passage" 121 123 47.17341 -122.75101 47.15948 -122.72912
123 "Drayton_Passage" 122 124 47.17786 -122.74437 47.17354 -122.72603
124 "Drayton_Passage" 123 125 47.18952 -122.74398 47.1801 -122.71661
125 "Drayton_Passage" 124 10013 47.19491 -122.74052 47.18509 -122.71059
126 "Nisqually" 10011 127 47.1265 -122.78044 47.15098 -122.74196
127 "Nisqually" 126 128 47.12033 -122.76967 47.14309 -122.73148
128 "Nisqually" 127 129 47.115 -122.75333 47.13659 -122.72201
129 "Nisqually" 128 130 47.11012 -122.73228 47.13089 -122.71604
130 "Nisqually" 129 131 47.10951 -122.71254 47.12612 -122.70657
131 "Nisqually" 130 132 47.10987 -122.69109 47.12399 -122.69656
132 "Nisqually" 131 133 47.11465 -122.66799 47.13077 -122.69284
133 "Nisqually" 132 134 47.12144 -122.66064 47.14382 -122.69489
134 "Nisqually" 133 10012 47.13212 -122.64852 47.14432 -122.67572
135 "Anderson_e" 10012 139 47.14873 -122.63929 47.15491 -122.6735
136 "Ketron_e" 10012 137 47.14244 -122.62521 47.14792 -122.63504
137 "Ketron_e" 136 138 47.15287 -122.61788 47.1562 -122.6285
138 "Ketron_e" 137 10016 47.16621 -122.61335 47.16497 -122.63043
139 "Anderson_e" 135 10016 47.16455 -122.63177 47.17382 -122.67219
140 "Balch_Passage" 141 10016 47.19187 -122.66296 47.17568 -122.67366
141 "Balch_Passage" 142 140 47.19028 -122.67932 47.18299 -122.6834
142 "Balch_Passage" 10013 141 47.19459 -122.69408 47.18543 -122.69817
144 "Pitt_Passage" 10013 145 47.20966 -122.73531 47.20572 -122.72626
145 "Pitt_Passage" 144 146 47.21691 -122.7239 47.21421 -122.71842
146 "Pitt_Passage" 145 153 47.22461 -122.71815 47.22226 -122.70955
147 "Carr_Inlet_s" 10014 154 47.26834 -122.66647 47.23159 -122.70403
148 "Carr_Inlet_s" 149 10017 47.21737 -122.60802 47.20271 -122.64072
149 "Carr_Inlet_s" 150 148 47.22546 -122.61858 47.21303 -122.64677
150 "Carr_Inlet_s" 151 149 47.23434 -122.62598 47.21828 -122.65866
151 "Carr_Inlet_s" 154 150 47.24528 -122.63761 47.22488 -122.67201
152 "Fox_Island_e" 10017 164 47.20589 -122.58012 47.21808 -122.60249
153 "Pitt_Passage" 146 10014 47.24671 -122.7172 47.23169 -122.70511
154 "Carr_Inlet_s" 147 151 47.25682 -122.65154 47.23181 -122.68436
155 "Hale_Passage" 10014 156 47.281 -122.68403 47.27487 -122.6694
156 "Hale_Passage" 155 157 47.28278 -122.66055 47.27748 -122.66295
157 "Hale_Passage" 156 158 47.27911 -122.6461 47.2746 -122.64937
158 "Hale_Passage" 157 159 47.27642 -122.63164 47.2642 -122.64158
159 "Hale_Passage" 158 160 47.27032 -122.61863 47.26323 -122.62562
160 "Hale_Passage" 159 161 47.26338 -122.59728 47.25577 -122.61504
161 "Hale_Passage" 160 162 47.25551 -122.59004 47.24711 -122.60402
162 "Hale_Passage" 161 10015 47.25341 -122.58358 47.23704 -122.58886
163 "Carr_Inlet_n" 170 10014 47.27883 -122.69083 47.24859 -122.72822
164 "Fox_Island_e" 152 165 47.21428 -122.5754 47.22412 -122.59356
165 "Fox_Island_e" 164 166 47.2247 -122.56452 47.22909 -122.58847
166 "Fox_Island_e" 165 10015 47.23501 -122.56267 47.23495 -122.58748
167 "Tacoma_Narrows" 10015 183 47.25555 -122.57724 47.2454 -122.55612
168 "Tacoma_Narrows" 183 184 47.26194 -122.56664 47.25527 -122.55051
169 "Tacoma_Narrows" 184 185 47.27085 -122.55762 47.26446 -122.54414
170 "Carr_Inlet_n" 171 163 47.28272 -122.69523 47.26571 -122.74802
171 "Carr_Inlet_n" 172 170 47.28428 -122.69599 47.28547 -122.7509
172 "Carr_Inlet_n" 173 171 47.28978 -122.69373 47.30062 -122.74264
173 "Carr_Inlet_n" 174 172 47.29826 -122.68105 47.31244 -122.73679
174 "Carr_Inlet_n" 175 173 47.31145 -122.68654 47.32127 -122.72887
175 "Carr_Inlet_n" 176 174 47.32213 -122.67733 47.34104 -122.71423
176 "Carr_Inlet_n" 177 175 47.33185 -122.67249 47.34991 -122.6993
177 "Carr_Inlet_n" 178 176 47.34428 -122.66725 47.35844 -122.68654
178 "Carr_Inlet_n" 179 177 47.35197 -122.65723 47.36567 -122.6748
179 "Carr_Inlet_n" 180 178 47.3569 -122.64906 47.37117 -122.66096
180 "Carr_Inlet_n" 0 179 47.36411 -122.63786 47.375 -122.64794
181 "McNeil_e" 10016 182 47.16705 -122.61304 47.19313 -122.66088
182 "McNeil_e" 181 10017 47.17498 -122.59398 47.20129 -122.64085
183 "Tacoma_Narrows" 167 168 47.25916 -122.57094 47.25012 -122.55204
184 "Tacoma_Narrows" 168 169 47.26608 -122.5622 47.2597 -122.54741
185 "Tacoma_Narrows" 169 186 47.27484 -122.55346 47.26818 -122.53984
186 "Tacoma_Narrows" 185 187 47.27897 -122.55005 47.27419 -122.53432
187 "Tacoma_Narrows" 186 188 47.28272 -122.54717 47.28035 -122.53082
188 "Tacoma_Narrows" 187 189 47.28627 -122.54697 47.2863 -122.52821
189 "Tacoma_Narrows" 188 190 47.28968 -122.54894 47.29634 -122.53112
190 "Tacoma_Narrows" 189 191 47.29377 -122.55271 47.30053 -122.53358
191 "Tacoma_Narrows" 190 192 47.29873 -122.55773 47.3054 -122.53674
192 "Tacoma_Narrows" 191 193 47.30335 -122.56155 47.31014 -122.54094
193 "Tacoma_Narrows" 192 194 47.30877 -122.56622 47.31509 -122.54582
194 "Tacoma_Narrows" 193 195 47.31656 -122.57166 47.31707 -122.54513
195 "Tacoma_Narrows" 194 196 47.32791 -122.56896 47.31767 -122.5435
196 "Tacoma_Narrows" 195 10019 47.33804 -122.56231 47.31899 -122.54074
197 "Dalco_Passage" 10019 199 47.31802 -122.53717 47.33333 -122.51879
198 "Dalco_Passage" 199 10018 47.30071 -122.50647 47.33103 -122.49216
199 "Dalco_Passage" 197 198 47.30851 -122.52081 47.33128 -122.50642
200 "Quartermaster_Harb" 206 10018 47.3434 -122.46696 47.3374 -122.48929
201 "Commencement_Bay" 204 202 47.27748 -122.46817 47.30061 -122.44157
202 "Commencement_Bay" 201 10018 47.29951 -122.50527 47.30354 -122.44162
203 "East_Passage" 10018 214 47.31888 -122.42299 47.34264 -122.45355
204 "Commencement_Bay" 205 201 47.26957 -122.44898 47.29622 -122.42138
205 "Commencement_Bay" 0 204 47.26048 -122.43724 47.28563 -122.4088
206 "Quartermaster_Harb" 207 200 47.34805 -122.47493 47.34735 -122.48849
207 "Quartermaster_Harb" 208 206 47.35801 -122.4736 47.35902 -122.48563
208 "Quartermaster_Harb" 209 207 47.36705 -122.468 47.37027 -122.48495
209 "Quartermaster_Harb" 210 208 47.37429 -122.46401 47.38093 -122.47794
210 "Quartermaster_Harb" 211 209 47.37268 -122.45765 47.38454 -122.45768
211 "Quartermaster_Harb" 212 210 47.38234 -122.44286 47.38599 -122.4469
212 "Quartermaster_Harb" 213 211 47.39574 -122.43778 47.39367 -122.44855
213 "Quartermaster_Harb" 215 212 47.4064 -122.43949 47.39515 -122.45252
214 "East_Passage" 203 216 47.3233 -122.40456 47.35535 -122.44514
215 "Quartermaster_Harb" 0 213 47.39948 -122.46057 47.39434 -122.45746
216 "East_Passage" 214 217 47.32887 -122.39124 47.3661 -122.43304
217 "East_Passage" 216 218 47.33235 -122.37417 47.37283 -122.4172
218 "East_Passage" 217 219 47.33679 -122.35854 47.37809 -122.40368
219 "East_Passage" 218 222 47.33994 -122.34331 47.38301 -122.38609
220 "East_Passage" 221 477 47.39636 -122.32824 47.38802 -122.37463
221 "East_Passage" 222 220 47.37817 -122.32494 47.38681 -122.37457
222 "East_Passage" 219 221 47.35752 -122.32383 47.38403 -122.37695
223 "Colvos_Passage" 10019 224 47.34342 -122.55706 47.33731 -122.52215
224 "Colvos_Passage" 223 225 47.35331 -122.55235 47.34853 -122.52733
225 "Colvos_Passage" 224 226 47.36301 -122.54787 47.3584 -122.52532
226 "Colvos_Passage" 225 227 47.37131 -122.54012 47.3671 -122.52053
227 "Colvos_Passage" 226 228 47.37761 -122.5388 47.38258 -122.51942
228 "Colvos_Passage" 227 229 47.38395 -122.54623 47.39288 -122.52708
229 "Colvos_Passage" 228 230 47.39934 -122.55023 47.39646 -122.52696
230 "Colvos_Passage" 229 231 47.41056 -122.54368 47.40388 -122.52263
231 "Colvos_Passage" 230 232 47.41987 -122.53828 47.41292 -122.51534
232 "Colvos_Passage" 231 233 47.42721 -122.53224 47.42723 -122.5125
233 "Colvos_Passage" 232 234 47.43678 -122.53301 47.43739 -122.51375
234 "Colvos_Passage" 233 235 47.44621 -122.53338 47.44624 -122.51357
235 "Colvos_Passage" 234 236 47.45623 -122.52937 47.45289 -122.5111
236 "Colvos_Passage" 235 237 47.46627 -122.52989 47.46072 -122.5078
237 "Colvos_Passage" 236 238 47.47551 -122.52046 47.46825 -122.49976
238 "Colvos_Passage" 237 239 47.48614 -122.51492 47.47686 -122.4931
239 "Colvos_Passage" 238 240 47.49524 -122.50615 47.48428 -122.48012
240 "Colvos_Passage" 239 241 47.50303 -122.50069 47.49499 -122.47837
241 "Colvos_Passage" 240 10036 47.5114 -122.49515 47.5089 -122.47224
242 "Rich_Passage" 255 10020 47.5651 -122.53409 47.57358 -122.52161
243 "Blake_Island_w" 244 10020 47.5615 -122.53413 47.54573 -122.49921
244 "Blake_Island_w" 245 243 47.5438 -122.53799 47.54328 -122.50154
245 "Blake_Island_w" 246 244 47.52582 -122.54154 47.53944 -122.50153
246 "Blake_Island_w" 247 245 47.5215 -122.51926 47.53347 -122.49796
247 "Blake_Island_w" 10036 246 47.51462 -122.49934 47.52896 -122.48974
248 "Blake_Island_n" 10020 250 47.57296 -122.51727 47.54566 -122.49744
249 "Blake_Island_n" 250 10038 47.58303 -122.48122 47.54377 -122.48338
250 "Blake_Island_n" 248 249 47.57507 -122.50032 47.54551 -122.49329
251 "East_Passage" 487 10037 47.52984 -122.39861 47.5086 -122.46343
252 "Blake_Island_s" 10036 253 47.50925 -122.47168 47.52845 -122.48549
253 "Blake_Island_s" 252 10037 47.50951 -122.46703 47.53989 -122.48032
254 "Alki_Point" 10038 482 47.57568 -122.41969 47.58336 -122.48083
255 "Rich_Passage" 256 242 47.57609 -122.54314 47.58191 -122.52828
256 "Rich_Passage" 257 255 47.58589 -122.5466 47.59013 -122.53412
257 "Rich_Passage" 258 256 47.58912 -122.55204 47.59643 -122.5451
258 "Rich_Passage" 259 257 47.58761 -122.55551 47.59356 -122.5613
259 "Rich_Passage" 10022 258 47.58223 -122.56872 47.59186 -122.57169
260 "Bainbridge_West" 10022 261 47.59228 -122.59135 47.59459 -122.57453
261 "Bainbridge_West" 260 262 47.60281 -122.59589 47.60286 -122.57666
262 "Bainbridge_West" 261 263 47.61272 -122.59431 47.61276 -122.57478
263 "Bainbridge_West" 262 264 47.62295 -122.59202 47.62299 -122.57764
264 "Bainbridge_West" 263 265 47.63157 -122.58992 47.63414 -122.57831
265 "Bainbridge_West" 264 284 47.63866 -122.59986 47.64404 -122.58086
266 "Port_Orchard" 267 10022 47.58989 -122.59227 47.5803 -122.57111
267 "Port_Orchard" 268 266 47.57656 -122.59868 47.56941 -122.58372
268 "Port_Orchard" 10021 267 47.56668 -122.60831 47.55737 -122.59715
269 "Dyes_Inlet" 275 10021 47.56923 -122.61579 47.56564 -122.62267
270 "Sinclair_Inlet" 271 10021 47.56126 -122.62402 47.54768 -122.61539
271 "Sinclair_Inlet" 272 270 47.55758 -122.63728 47.54388 -122.62979
272 "Sinclair_Inlet" 273 271 47.55538 -122.65175 47.53796 -122.64333
273 "Sinclair_Inlet" 274 272 47.54794 -122.66654 47.53853 -122.65854
274 "Sinclair_Inlet" 0 273 47.53798 -122.6767 47.53061 -122.66979
275 "Dyes_Inlet" 276 269 47.57797 -122.62402 47.57495 -122.62958
276 "Dyes_Inlet" 277 275 47.58178 -122.64053 47.57813 -122.64371
277 "Dyes_Inlet" 278 276 47.58947 -122.65119 47.58579 -122.65568
278 "Dyes_Inlet" 279 277 47.59749 -122.6574 47.59701 -122.66108
279 "Dyes_Inlet" 280 278 47.60743 -122.66165 47.60304 -122.68419
280 "Dyes_Inlet" 283 279 47.61644 -122.66621 47.60567 -122.68486
281 "Dyes_Inlet" 282 283 47.62202 -122.6769 47.62682 -122.70416
282 "Dyes_Inlet" 0 281 47.63209 -122.67606 47.6372 -122.69788
283 "Dyes_Inlet" 281 280 47.62131 -122.67551 47.60795 -122.70641
284 "Bainbridge_West" 265 285 47.64791 -122.61182 47.65457 -122.58742
285 "Bainbridge_West" 284 288 47.66248 -122.61073 47.66093 -122.59153
286 "Liberty_Bay" 289 10023 47.69124 -122.58966 47.68083 -122.61323
287 "Agate_Passage" 10023 295 47.69139 -122.58506 47.68744 -122.56539
288 "Bainbridge_West" 285 10023 47.67915 -122.61367 47.67038 -122.58002
289 "Liberty_Bay" 290 286 47.6961 -122.60384 47.69528 -122.6157
290 "Liberty_Bay" 291 289 47.70743 -122.61076 47.70195 -122.61581
291 "Liberty_Bay" 292 290 47.70812 -122.62343 47.70442 -122.62342
292 "Liberty_Bay" 293 291 47.71135 -122.62786 47.70975 -122.6347
293 "Liberty_Bay" 294 292 47.72266 -122.63676 47.7146 -122.64896
294 "Liberty_Bay" 0 293 47.73133 -122.64518 47.72727 -122.65897
295 "Agate_Passage" 287 296 47.70073 -122.57917 47.69566 -122.56441
296 "Agate_Passage" 295 297 47.70999 -122.56987 47.70797 -122.56428
297 "Agate_Passage" 296 298 47.71865 -122.56029 47.71656 -122.55689
298 "Agate_Passage" 297 299 47.72375 -122.55413 47.72038 -122.55116
299 "Agate_Passage" 298 301 47.73652 -122.54724 47.70676 -122.52505
300 "Agate_Passage" 301 10039 47.74245 -122.48856 47.70683 -122.50769
301 "Agate_Passage" 299 300 47.74277 -122.51795 47.70677 -122.51784
302 "Port_Susan" 312 10027 48.07491 -122.31273 48.05967 -122.35248
303 "Saratoga_Passage_s" 327 10026 48.05385 -122.36238 48.03373 -122.37285
304 "Gedney_Island_w" 10026 305 48.02898 -122.3699 48.01978 -122.33183
305 "Gedney_Island_w" 304 306 48.01314 -122.36858 48.01623 -122.33257
306 "Gedney_Island_w" 305 307 47.99878 -122.36617 48.01167 -122.32854
307 "Gedney_Island_w" 306 308 47.9879 -122.35658 48.00845 -122.32262
308 "Gedney_Island_w" 307 10025 47.97764 -122.34807 48.00573 -122.31744
309 "Gedney_Island_s" 375 10025 47.95066 -122.29609 48.0047 -122.31317
310 "Gedney_Island_n" 10026 311 48.05347 -122.35994 48.01971 -122.32961
311 "Gedney_Island_n" 310 10027 48.05845 -122.35412 48.02202 -122.32486
312 "Port_Susan" 314 302 48.08214 -122.32171 48.06778 -122.35966
313 "Port_Susan" 315 314 48.10054 -122.34416 48.08855 -122.37591
314 "Port_Susan" 313 312 48.09174 -122.32895 48.07788 -122.3663
315 "Port_Susan" 316 313 48.10982 -122.34807 48.09491 -122.38324
316 "Port_Susan" 317 315 48.1171 -122.3581 48.1022 -122.39347
317 "Port_Susan" 318 316 48.12848 -122.3614 48.11068 -122.40403
318 "Port_Susan" 319 317 48.13927 -122.36371 48.11855 -122.4174
319 "Port_Susan" 320 318 48.15248 -122.36588 48.12836 -122.43257
320 "Port_Susan" 321 319 48.16297 -122.37678 48.13777 -122.43987
321 "Port_Susan" 322 320 48.17249 -122.3904 48.14559 -122.44914
322 "Port_Susan" 323 321 48.17807 -122.40717 48.15785 -122.4597
323 "Port_Susan" 324 322 48.18169 -122.41189 48.17645 -122.47329
324 "Port_Susan" 325 323 48.18953 -122.4122 48.19513 -122.44682
325 "Port_Susan" 326 324 48.20399 -122.42372 48.20398 -122.43874
326 "Port_Susan" 0 325 48.21363 -122.42864 48.21363 -122.43525
327 "Saratoga_Passage_s" 328 303 48.05743 -122.37582 48.03691 -122.39549
328 "Saratoga_Passage_s" 329 327 48.06421 -122.38675 48.04456 -122.41505
329 "Saratoga_Passage_s" 330 328 48.07331 -122.3922 48.04972 -122.43108
330 "Saratoga_Passage_s" 331 329 48.08109 -122.39962 48.05695 -122.44528
331 "Saratoga_Passage_s" 332 330 48.08824 -122.40906 48.06753 -122.45366
332 "Saratoga_Passage_s" 333 331 48.09521 -122.41985 48.07441 -122.46064
333 "Saratoga_Passage_s" 334 332 48.10293 -122.43623 48.08337 -122.47525
334 "Saratoga_Passage_s" 336 333 48.10918 -122.4487 48.09094 -122.48374
335 "Saratoga_Passage_s" 337 336 48.12215 -122.49294 48.09773 -122.50336
336 "Saratoga_Passage_s" 335 334 48.12331 -122.46127 48.0965 -122.48843
337 "Saratoga_Passage_s" 10024 335 48.12994 -122.50864 48.09881 -122.52211
338 "Possession_Sound" 10025 339 47.95006 -122.30196 47.95991 -122.34541
339 "Possession_Sound" 338 340 47.9409 -122.30772 47.94936 -122.34953
340 "Possession_Sound" 339 379 47.92654 -122.30883 47.93977 -122.35423
341 "Holme_Harbor" 342 10024 48.09808 -122.52569 48.11163 -122.55868
342 "Holme_Harbor" 343 341 48.09562 -122.52682 48.08777 -122.55701
343 "Holme_Harbor" 344 342 48.08785 -122.52219 48.07851 -122.54991
344 "Holme_Harbor" 345 343 48.07957 -122.51662 48.07338 -122.54205
345 "Holme_Harbor" 346 344 48.06741 -122.51435 48.06738 -122.54168
346 "Holme_Harbor" 347 345 48.0569 -122.51553 48.05685 -122.54333
347 "Holme_Harbor" 348 346 48.04507 -122.5121 48.04503 -122.53297
348 "Holme_Harbor" 349 347 48.03402 -122.51217 48.03564 -122.53344
349 "Holme_Harbor" 0 348 48.02257 -122.51815 48.02594 -122.53473
350 "Saratoga_Passage_n" 351 10024 48.13519 -122.51207 48.12658 -122.5551
351 "Saratoga_Passage_n" 352 350 48.1505 -122.51595 48.1396 -122.56226
352 "Saratoga_Passage_n" 353 351 48.16055 -122.52377 48.15122 -122.5668
353 "Saratoga_Passage_n" 354 352 48.16955 -122.52904 48.16329 -122.57626
354 "Saratoga_Passage_n" 355 353 48.17938 -122.53445 48.17367 -122.5803
355 "Saratoga_Passage_n" 356 354 48.1926 -122.53294 48.18244 -122.58314
356 "Saratoga_Passage_n" 357 355 48.20104 -122.53745 48.19137 -122.59035
357 "Saratoga_Passage_n" 358 356 48.21091 -122.53815 48.20084 -122.60039
358 "Saratoga_Passage_n" 359 357 48.22338 -122.534 48.21045 -122.60622
359 "Saratoga_Passage_n" 360 358 48.23571 -122.53394 48.21941 -122.62074
360 "Saratoga_Passage_n" 10032 359 48.24723 -122.53076 48.22624 -122.64373
361 "Penn_Cove" 362 448 48.24419 -122.65592 48.22721 -122.6482
362 "Penn_Cove" 363 361 48.23758 -122.6702 48.22466 -122.66624
363 "Penn_Cove" 364 362 48.23723 -122.68531 48.22077 -122.68063
364 "Penn_Cove" 365 363 48.23732 -122.70287 48.21916 -122.6962
365 "Penn_Cove" 0 364 48.23436 -122.71828 48.21552 -122.71265
366 "Gedney_Island_e" 10027 367 48.07381 -122.30781 48.02173 -122.32304
367 "Gedney_Island_e" 366 368 48.06298 -122.2905 48.02036 -122.31972
368 "Gedney_Island_e" 367 370 48.04496 -122.2699 48.01611 -122.31133
369 "Gedney_Island_s" 10028 372 48.01548 -122.24242 48.00906 -122.30318
370 "Gedney_Island_e" 368 10028 48.02905 -122.2661 48.01197 -122.30499
371 "Snohomish_Delta" 529 10028 48.0181 -122.24 48.02969 -122.25083
372 "Gedney_Island_s" 369 373 48.00315 -122.23224 48.00739 -122.30376
373 "Gedney_Island_s" 372 374 47.99011 -122.226 48.00541 -122.30338
374 "Gedney_Island_s" 373 376 47.97423 -122.22506 48.00549 -122.30947
375 "Gedney_Island_s" 376 309 47.95702 -122.2758 48.00548 -122.30926
376 "Gedney_Island_s" 374 375 47.9611 -122.24511 48.0037 -122.30434
377 "Seattle" 491 378 47.65292 -122.42352 47.64588 -122.50574
378 "Seattle" 377 403 47.66101 -122.43656 47.66093 -122.49976
379 "Possession_Sound" 340 380 47.9166 -122.31707 47.92905 -122.36652
380 "Possession_Sound" 379 382 47.90517 -122.32368 47.9166 -122.37164
381 "Point_Wells" 389 390 47.82618 -122.50012 47.82627 -122.36823
382 "Possession_Sound" 380 10029 47.89599 -122.3276 47.90562 -122.37446
383 "Point_Wells" 10039 384 47.7461 -122.4739 47.74719 -122.38192
384 "Point_Wells" 383 385 47.75829 -122.46983 47.75835 -122.38003
385 "Point_Wells" 384 386 47.77 -122.47656 47.77006 -122.39421
386 "Point_Wells" 385 387 47.78053 -122.48147 47.78059 -122.39452
387 "Point_Wells" 386 388 47.79164 -122.50002 47.79173 -122.39394
388 "Point_Wells" 387 389 47.80454 -122.48177 47.80461 -122.39478
389 "Point_Wells" 388 381 47.8145 -122.48053 47.81456 -122.38056
390 "Point_Wells" 381 391 47.83613 -122.50429 47.83623 -122.35705
391 "Point_Wells" 390 392 47.84549 -122.50268 47.8456 -122.3405
392 "Point_Wells" 391 395 47.85662 -122.50578 47.85673 -122.33475
393 "Admiralty_Inlet_So" 394 396 47.89345 -122.51798 47.91436 -122.43613
394 "Admiralty_Inlet_So" 10029 393 47.88113 -122.51108 47.91066 -122.41782
395 "Point_Wells" 392 10029 47.86832 -122.51199 47.86844 -122.3308
396 "Admiralty_Inlet_So" 393 398 47.90614 -122.52268 47.93093 -122.44768
397 "Hood_North" 517 519 47.88987 -122.62407 47.90252 -122.58994
398 "Admiralty_Inlet_So" 396 399 47.9124 -122.52883 47.96252 -122.44903
399 "Admiralty_Inlet_So" 398 400 47.91595 -122.54333 47.97481 -122.46805
400 "Admiralty_Inlet_So" 399 401 47.91854 -122.54726 47.98498 -122.49579
401 "Admiralty_Inlet_So" 400 406 47.91948 -122.56525 47.96808 -122.53244
402 "Seattle" 490 10039 47.69407 -122.40655 47.70374 -122.50514
403 "Seattle" 378 490 47.66644 -122.42236 47.68143 -122.50398
404 "Hood_North" 523 10030 47.95662 -122.67567 47.93812 -122.61581
405 "Admiralty_Inlet_So" 406 10030 47.94073 -122.60416 47.96822 -122.54993
406 "Admiralty_Inlet_So" 401 405 47.92115 -122.58235 47.96708 -122.54649
407 "Mutiny_Bay" 10030 408 47.9604 -122.67654 48.00601 -122.56698
408 "Mutiny_Bay" 407 410 47.97203 -122.6846 48.01153 -122.58292
409 "Bush_Point" 10041 411 48.01519 -122.58581 48.015 -122.67027
410 "Mutiny_Bay" 408 10041 47.98472 -122.71156 48.01399 -122.58459
411 "Bush_Point" 409 412 48.02404 -122.59583 48.02388 -122.66666
412 "Bush_Point" 411 413 48.03634 -122.59723 48.03615 -122.6724
413 "Bush_Point" 412 414 48.04803 -122.59303 48.04781 -122.67895
414 "Bush_Point" 413 415 48.05971 -122.59821 48.05951 -122.67971
415 "Bush_Point" 414 416 48.07079 -122.61123 48.0706 -122.68086
416 "Bush_Point" 415 417 48.08249 -122.60896 48.08228 -122.68635
417 "Bush_Point" 416 418 48.09243 -122.6045 48.09221 -122.6888
418 "Bush_Point" 417 419 48.10179 -122.6003 48.10157 -122.68527
419 "Bush_Point" 418 420 48.12111 -122.59979 48.10267 -122.6882
420 "Bush_Point" 419 422 48.13816 -122.60284 48.10308 -122.68937
421 "Bush_Point" 422 10033 48.15532 -122.67821 48.10236 -122.69646
422 "Bush_Point" 420 421 48.16269 -122.63078 48.10348 -122.69054
424 "Kilisut_Harbor" 440 10031 48.08806 -122.72141 48.09137 -122.71878
425 "Kilisut_Harbor" 426 440 48.07644 -122.70982 48.07324 -122.716
426 "Kilisut_Harbor" 427 425 48.06568 -122.70302 48.06508 -122.7155
427 "Kilisut_Harbor" 428 426 48.05379 -122.69885 48.05434 -122.71404
428 "Kilisut_Harbor" 429 427 48.0434 -122.70153 48.04395 -122.7118
429 "Kilisut_Harbor" 442 428 48.03566 -122.69629 48.03369 -122.70242
430 "Kala_Point" 431 10031 48.10648 -122.76898 48.07844 -122.74014
431 "Kala_Point" 432 430 48.09307 -122.79291 48.07528 -122.74258
432 "Kala_Point" 433 431 48.06428 -122.77655 48.07064 -122.7467
433 "Kala_Point" 434 432 48.0574 -122.76601 48.05749 -122.7394
434 "Kala_Point" 435 433 48.04777 -122.76547 48.04786 -122.74124
435 "Kala_Point" 436 434 48.03577 -122.75417 48.04293 -122.73634
436 "Kala_Point" 531 435 48.03271 -122.73526 48.0355 -122.73154
437 "Port_Townsend" 10031 438 48.11551 -122.74895 48.09253 -122.72776
438 "Port_Townsend" 437 10033 48.14105 -122.75454 48.09914 -122.71136
439 "Admiralty_Inlet_No" 10033 447 48.14293 -122.75297 48.15805 -122.68089
440 "Kilisut_Harbor" 425 424 48.08172 -122.71469 48.07975 -122.72295
441 "Admiralty_Inlet_No" 443 446 48.14326 -122.76845 48.1957 -122.72337
442 "Kilisut_Harbor" 0 429 48.02847 -122.69034 48.02668 -122.70081
443 "Admiralty_Inlet_No" 447 441 48.14463 -122.75407 48.18834 -122.7038
444 "Admiralty_Inlet_No" 445 0 48.13622 -122.83527 48.223 -122.7688
445 "Admiralty_Inlet_No" 446 444 48.13626 -122.8164 48.21205 -122.75628
446 "Admiralty_Inlet_No" 441 445 48.14318 -122.78832 48.20547 -122.73933
447 "Admiralty_Inlet_No" 439 443 48.14431 -122.75272 48.1755 -122.68678
448 "Penn_Cove" 361 449 48.2695 -122.62723 48.22743 -122.64529
449 "Penn_Cove" 448 450 48.2965 -122.582 48.22667 -122.64394
450 "Penn_Cove" 449 10032 48.28495 -122.56238 48.22602 -122.64339
451 "Skagit_Bay" 452 10032 48.24928 -122.53002 48.27889 -122.55366
452 "Skagit_Bay" 453 451 48.25203 -122.51898 48.28054 -122.53096
453 "Skagit_Bay" 454 452 48.25632 -122.49938 48.28852 -122.51556
454 "Skagit_Bay" 455 453 48.26171 -122.47118 48.29209 -122.50944
455 "Skagit_Bay" 457 454 48.27908 -122.45106 48.30072 -122.50305
456 "Skagit_Bay" 458 457 48.32112 -122.46188 48.30593 -122.50389
457 "Skagit_Bay" 456 455 48.30248 -122.44773 48.30244 -122.50333
458 "Skagit_Bay" 459 456 48.32711 -122.48368 48.3161 -122.51036
459 "Skagit_Bay" 460 458 48.3357 -122.50507 48.32255 -122.51787
460 "Skagit_Bay" 461 459 48.33966 -122.52199 48.33041 -122.53163
461 "Skagit_Bay" 462 460 48.34385 -122.53484 48.33836 -122.54303
462 "Skagit_Bay" 463 461 48.35229 -122.54301 48.34496 -122.55282
463 "Skagit_Bay" 464 462 48.35958 -122.54649 48.35106 -122.56696
464 "Skagit_Bay" 465 463 48.36636 -122.55126 48.36632 -122.58233
465 "Skagit_Bay" 470 464 48.37692 -122.54609 48.37685 -122.57894
466 "Hope_Island_w" 10034 467 48.39619 -122.58596 48.39722 -122.57685
467 "Hope_Island_w" 466 10035 48.39005 -122.58389 48.39443 -122.57389
468 "Hope_Island_e" 10034 469 48.40554 -122.55483 48.40156 -122.56167
469 "Hope_Island_e" 468 10035 48.40167 -122.54904 48.39884 -122.55981
470 "Skagit_Bay" 10035 465 48.3871 -122.54072 48.38637 -122.58445
471 "Deception_Pass_Ent" 473 10034 48.40339 -122.59477 48.41648 -122.5687
472 "Deception_Pass_Ent" 474 473 48.40869 -122.6114 48.41305 -122.6153
473 "Deception_Pass_Ent" 472 471 48.40844 -122.60123 48.42134 -122.6013
474 "Deception_Pass_Ent" 475 472 48.40123 -122.62073 48.41122 -122.63205
475 "Deception_Pass_Ent" 476 474 48.40382 -122.64456 48.4082 -122.64458
476 "Deception_Pass_Ent" 0 475 48.40072 -122.65788 48.40705 -122.65485
477 "East_Passage" 220 478 47.41117 -122.34155 47.39534 -122.38683
478 "East_Passage" 477 479 47.42266 -122.35036 47.40016 -122.40667
479 "East_Passage" 478 480 47.43074 -122.35173 47.41193 -122.43613
480 "East_Passage" 479 481 47.44188 -122.36102 47.43083 -122.43475
481 "East_Passage" 480 483 47.44807 -122.37301 47.44804 -122.43929
482 "Alki_Point" 254 496 47.58533 -122.39903 47.59854 -122.4966
483 "East_Passage" 481 484 47.4624 -122.36855 47.46236 -122.4333
484 "East_Passage" 483 485 47.48703 -122.36555 47.46636 -122.43351
485 "East_Passage" 484 486 47.49727 -122.37962 47.47561 -122.44474
486 "East_Passage" 485 487 47.50704 -122.39162 47.4824 -122.45462
487 "East_Passage" 486 251 47.5173 -122.3973 47.50121 -122.45076
488 "Blake_Island_e" 10037 489 47.53417 -122.39689 47.54028 -122.4798
489 "Blake_Island_e" 488 10038 47.55547 -122.40108 47.54303 -122.48196
490 "Seattle" 403 402 47.68053 -122.40356 47.69291 -122.50069
491 "Seattle" 495 377 47.64156 -122.41709 47.63505 -122.49244
492 "Elliott_Bay" 493 494 47.59418 -122.38235 47.61469 -122.35518
493 "Elliott_Bay" 497 492 47.58583 -122.37511 47.6091 -122.34645
494 "Elliott_Bay" 492 10040 47.59576 -122.38422 47.62792 -122.38295
495 "Seattle" 10040 491 47.63082 -122.39838 47.62378 -122.49236
496 "Alki_Point" 482 10040 47.59333 -122.38982 47.61432 -122.49757
497 "Elliott_Bay" 0 493 47.58303 -122.36041 47.59912 -122.33542
498 "Hood_North" 499 516 47.86761 -122.63262 47.85378 -122.61045
499 "Hood_North" 500 498 47.86348 -122.64656 47.84444 -122.61749
500 "Hood_North" 501 499 47.86569 -122.66754 47.83524 -122.62811
501 "Hood_North" 502 500 47.86601 -122.68789 47.83041 -122.63968
502 "Hood_North" 503 501 47.84306 -122.6806 47.82344 -122.65071
503 "Hood_North" 504 502 47.83231 -122.68597 47.81438 -122.66108
504 "Hood_North" 505 503 47.82553 -122.69464 47.809 -122.67175
505 "Hood_North" 506 504 47.82079 -122.705 47.80273 -122.68082
506 "Hood_North" 507 505 47.81337 -122.71361 47.79538 -122.68514
507 "Hood_North" 508 506 47.81049 -122.72441 47.78699 -122.68871
508 "Hood_North" 509 507 47.80708 -122.73561 47.77786 -122.69415
509 "Hood_North" 510 508 47.79444 -122.74397 47.77411 -122.70409
510 "Hood_North" 511 509 47.78127 -122.74761 47.76915 -122.71272
511 "Hood_North" 512 510 47.76876 -122.74802 47.76047 -122.72026
512 "Hood_North" 513 511 47.7594 -122.7538 47.75088 -122.72317
513 "Hood_North" 514 512 47.74864 -122.75539 47.74158 -122.7306
514 "Hood_North" 587 513 47.74182 -122.76411 47.73195 -122.74169
516 "Hood_North" 498 518 47.88062 -122.6273 47.85702 -122.59431
517 "Hood_North" 518 397 47.8871 -122.60927 47.8884 -122.583
518 "Hood_North" 516 517 47.88235 -122.61593 47.86274 -122.57365
519 "Hood_North" 397 520 47.8923 -122.6431 47.91266 -122.59264
520 "Hood_North" 519 521 47.90411 -122.65308 47.92069 -122.6059
521 "Hood_North" 520 522 47.92048 -122.64999 47.92872 -122.61468
522 "Hood_North" 521 523 47.92887 -122.65555 47.93518 -122.61751
523 "Hood_North" 522 404 47.94352 -122.68319 47.93524 -122.61745
529 "Snohomish_Delta" 530 371 48.02537 -122.23139 48.02919 -122.2338
530 "Snohomish_Delta" 0 529 48.02928 -122.21672 48.03466 -122.22213
531 "Kala_Point" 532 436 48.02959 -122.72848 48.02973 -122.72829
532 "Kala_Point" 533 531 48.02153 -122.72602 48.02464 -122.72162
533 "Kala_Point" 534 532 48.00924 -122.72084 48.01842 -122.70918
534 "Kala_Point" 10041 533 47.99054 -122.71749 48.01147 -122.69415
536 "Hood_South" 537 0 47.41087 -122.88148 47.42306 -122.88992
537 "Hood_South" 539 536 47.40557 -122.89293 47.41541 -122.90427
538 "Hood_South" 545 539 47.38877 -122.92458 47.4068 -122.93464
539 "Hood_South" 538 537 47.39481 -122.90493 47.41142 -122.92071
540 "Hood_South" 546 541 47.35046 -123.035 47.35917 -123.03511
541 "Hood_South" 540 542 47.36077 -123.01154 47.36731 -123.02163
542 "Hood_South" 541 543 47.36948 -122.9974 47.38118 -123.00854
543 "Hood_South" 542 544 47.37466 -122.98275 47.38747 -122.9916
544 "Hood_South" 543 545 47.37854 -122.96401 47.3952 -122.9772
545 "Hood_South" 544 538 47.38319 -122.94167 47.40131 -122.95387
546 "Hood_South" 547 540 47.34957 -123.05428 47.36175 -123.05078
547 "Hood_South" 548 546 47.3528 -123.07587 47.36906 -123.06518
548 "Hood_South" 549 547 47.35654 -123.09685 47.37383 -123.08343
549 "Hood_South" 550 548 47.35948 -123.12452 47.37405 -123.11339
550 "Hood_South" 551 549 47.36386 -123.15836 47.37844 -123.1151
551 "Hood_South" 554 550 47.39373 -123.14634 47.38818 -123.12136
552 "Hood_South" 553 556 47.45464 -123.11271 47.44384 -123.08559
553 "Hood_South" 557 552 47.46941 -123.09164 47.45898 -123.06844
554 "Hood_South" 555 551 47.40823 -123.1382 47.40239 -123.11328
555 "Hood_South" 556 554 47.42356 -123.1301 47.41639 -123.10353
556 "Hood_South" 552 555 47.43938 -123.1195 47.43072 -123.09437
557 "Hood_South" 558 553 47.48103 -123.07972 47.47144 -123.05807
558 "Hood_South" 559 557 47.49201 -123.06806 47.48044 -123.04617
559 "Hood_South" 560 558 47.49964 -123.0566 47.49505 -123.03446
560 "Hood_South" 565 559 47.51798 -123.05128 47.51148 -123.03165
561 "Hood_South" 566 562 47.59502 -122.99174 47.58303 -122.96588
562 "Hood_South" 561 563 47.57671 -123.00494 47.56526 -122.97649
563 "Hood_South" 562 564 47.56055 -123.01852 47.54879 -122.99348
564 "Hood_South" 563 565 47.54823 -123.03138 47.53619 -123.00506
565 "Hood_South" 564 560 47.53417 -123.04129 47.52454 -123.021
566 "Hood_South" 567 561 47.61862 -122.96549 47.59637 -122.92773
567 "Hood_South" 568 566 47.6287 -122.94485 47.61829 -122.91967
568 "Hood_South" 569 567 47.63907 -122.92963 47.62228 -122.91402
569 "Hood_South" 570 568 47.64538 -122.90505 47.63004 -122.88736
570 "Hood_South" 10042 569 47.65013 -122.90327 47.64661 -122.85604
571 "Dabob_Bay" 10042 574 47.69053 -122.83279 47.69032 -122.88287
572 "Hood_North" 10042 573 47.689 -122.82954 47.65462 -122.83108
573 "Hood_North" 572 588 47.68311 -122.80591 47.6586 -122.79115
574 "Dabob_Bay" 571 575 47.71513 -122.8166 47.71486 -122.88583
575 "Dabob_Bay" 574 576 47.73635 -122.80798 47.73608 -122.87321
576 "Dabob_Bay" 575 578 47.75438 -122.80495 47.7542 -122.84981
577 "Quilcene_Bay" 10043 579 47.78019 -122.84957 47.78012 -122.86404
578 "Dabob_Bay" 576 10043 47.76878 -122.79707 47.76851 -122.86143
579 "Quilcene_Bay" 577 580 47.79145 -122.85062 47.79137 -122.86887
580 "Quilcene_Bay" 579 0 47.8063 -122.84869 47.80623 -122.86446
581 "Dabob_Bay_Spur" 589 582 47.78902 -122.79086 47.78888 -122.82324
582 "Dabob_Bay_Spur" 581 584 47.80632 -122.79079 47.80296 -122.81779
583 "Dabob_Bay_Spur" 584 0 47.83545 -122.80772 47.83324 -122.82138
584 "Dabob_Bay_Spur" 582 583 47.82552 -122.799 47.82088 -122.82393
585 "Hood_North" 588 586 47.69292 -122.77104 47.69301 -122.74606
586 "Hood_North" 585 587 47.70321 -122.78185 47.70465 -122.74781
587 "Hood_North" 586 514 47.72636 -122.77818 47.71936 -122.74879
588 "Hood_North" 573 585 47.68737 -122.78567 47.66564 -122.76608
589 "Dabob_Bay_Spur" 10043 581 47.78058 -122.79323 47.78163 -122.83373
